# ADC channel: 0  gain: 100x  conv_time_us: 2602.8645  fs_Hz: 384.1921  dac_voltage_V: 0.05
# freq_Hz  psd_bg_V2perHz  psd_sig_V2perHz  psd_subtracted_V2perHz
0.00000000e+00 2.64268141e-13 2.16328957e-10 2.16064689e-10
3.75187606e-01 1.48799980e-12 2.18732535e-09 2.18583735e-09
7.50375211e-01 9.11996638e-13 6.36782017e-10 6.35870020e-10
1.12556282e+00 7.81023994e-13 2.09041735e-10 2.08260711e-10
1.50075042e+00 7.50883675e-13 1.07119941e-10 1.06369057e-10
1.87593803e+00 6.50449412e-13 8.02397223e-11 7.95892729e-11
2.25112563e+00 6.67102153e-13 5.94915648e-11 5.88244627e-11
2.62631324e+00 5.85999363e-13 4.64416911e-11 4.58556918e-11
3.00150084e+00 6.77301702e-13 4.43175310e-11 4.36402293e-11
3.37668845e+00 5.42516321e-13 4.05029905e-11 3.99604742e-11
3.75187606e+00 5.12522648e-13 3.58366086e-11 3.53240859e-11
4.12706366e+00 5.43196006e-13 4.37038637e-11 4.31606677e-11
4.50225127e+00 5.41446910e-13 4.00172533e-11 3.94758064e-11
4.87743887e+00 5.49543401e-13 4.22697833e-11 4.17202399e-11
5.25262648e+00 3.63310091e-13 3.44379856e-11 3.40746755e-11
5.62781408e+00 4.95526752e-13 3.70887247e-11 3.65931979e-11
6.00300169e+00 5.33587872e-13 4.02408871e-11 3.97072992e-11
6.37818929e+00 5.02769765e-13 3.56974101e-11 3.51946403e-11
6.75337690e+00 4.76709106e-13 3.70293172e-11 3.65526081e-11
7.12856451e+00 5.18022855e-13 3.31953504e-11 3.26773276e-11
7.50375211e+00 6.21358942e-13 2.96360324e-11 2.90146735e-11
7.87893972e+00 4.90433092e-13 3.01143302e-11 2.96238971e-11
8.25412732e+00 4.78794857e-13 2.92392079e-11 2.87604131e-11
8.62931493e+00 6.04263056e-13 3.09075035e-11 3.03032404e-11
9.00450253e+00 6.35413849e-13 3.14422676e-11 3.08068538e-11
9.37969014e+00 5.61448348e-13 3.49958694e-11 3.44344211e-11
9.75487774e+00 4.39083660e-13 3.82152024e-11 3.77761187e-11
1.01300653e+01 3.10118707e-13 3.73595904e-11 3.70494717e-11
1.05052530e+01 4.29664268e-13 3.28842208e-11 3.24545565e-11
1.08804406e+01 5.35882336e-13 3.05081419e-11 2.99722596e-11
1.12556282e+01 6.02045190e-13 2.98289483e-11 2.92269031e-11
1.16308158e+01 4.39832418e-13 2.74666792e-11 2.70268468e-11
1.20060034e+01 5.18145284e-13 3.05538433e-11 3.00356980e-11
1.23811910e+01 4.65061411e-13 2.97880087e-11 2.93229473e-11
1.27563786e+01 4.39158210e-13 2.95432393e-11 2.91040811e-11
1.31315662e+01 5.18635497e-13 2.39110892e-11 2.33924537e-11
1.35067538e+01 6.36165428e-13 2.38891865e-11 2.32530210e-11
1.38819414e+01 6.13762316e-13 2.54938363e-11 2.48800740e-11
1.42571290e+01 4.30047221e-13 2.84237872e-11 2.79937400e-11
1.46323166e+01 5.43259732e-13 3.24014519e-11 3.18581921e-11
1.50075042e+01 5.42886071e-13 3.10626496e-11 3.05197636e-11
1.53826918e+01 4.79586089e-13 3.37985828e-11 3.33189967e-11
1.57578794e+01 5.78773209e-13 2.66044228e-11 2.60256496e-11
1.61330670e+01 4.87487296e-13 2.53710414e-11 2.48835541e-11
1.65082546e+01 4.44260945e-13 2.52170093e-11 2.47727484e-11
1.68834422e+01 4.20825167e-13 2.70945980e-11 2.66737729e-11
1.72586299e+01 5.03778207e-13 2.97306689e-11 2.92268907e-11
1.76338175e+01 5.42937789e-13 3.10621024e-11 3.05191646e-11
1.80090051e+01 4.60906919e-13 2.35796625e-11 2.31187556e-11
1.83841927e+01 5.22699241e-13 2.18674464e-11 2.13447471e-11
1.87593803e+01 5.37093935e-13 3.22795961e-11 3.17425022e-11
1.91345679e+01 5.13843745e-13 2.32616112e-11 2.27477674e-11
1.95097555e+01 5.79928392e-13 2.42532485e-11 2.36733201e-11
1.98849431e+01 5.12762220e-13 3.40536932e-11 3.35409310e-11
2.02601307e+01 5.00572725e-13 3.45531302e-11 3.40525575e-11
2.06353183e+01 5.92918423e-13 2.87537917e-11 2.81608733e-11
2.10105059e+01 4.70957565e-13 2.55998102e-11 2.51288526e-11
2.13856935e+01 4.24715887e-13 2.55180433e-11 2.50933275e-11
2.17608811e+01 4.90240324e-13 3.06293502e-11 3.01391099e-11
2.21360687e+01 4.35068908e-13 2.64575262e-11 2.60224573e-11
2.25112563e+01 4.20274703e-13 2.25278900e-11 2.21076153e-11
2.28864439e+01 4.01341613e-13 2.58734258e-11 2.54720842e-11
2.32616315e+01 3.74885429e-13 2.38782146e-11 2.35033292e-11
2.36368191e+01 6.16586736e-13 2.67870160e-11 2.61704293e-11
2.40120068e+01 6.35038776e-13 2.65441910e-11 2.59091522e-11
2.43871944e+01 6.12398018e-13 2.56154131e-11 2.50030151e-11
2.47623820e+01 6.41163934e-13 2.67445081e-11 2.61033442e-11
2.51375696e+01 5.72970869e-13 2.93445318e-11 2.87715609e-11
2.55127572e+01 5.80527397e-13 2.59575995e-11 2.53770721e-11
2.58879448e+01 5.04083770e-13 2.55238543e-11 2.50197705e-11
2.62631324e+01 4.86181585e-13 2.28766045e-11 2.23904229e-11
2.66383200e+01 4.31126618e-13 2.79079104e-11 2.74767838e-11
2.70135076e+01 5.38187579e-13 2.80677390e-11 2.75295514e-11
2.73886952e+01 5.31719045e-13 2.34241631e-11 2.28924440e-11
2.77638828e+01 4.88542576e-13 2.10464556e-11 2.05579131e-11
2.81390704e+01 4.54620032e-13 1.78410997e-11 1.73864796e-11
2.85142580e+01 5.15862923e-13 2.49619346e-11 2.44460717e-11
2.88894456e+01 5.58009660e-13 2.56086505e-11 2.50506408e-11
2.92646332e+01 6.19400929e-13 2.04287002e-11 1.98092993e-11
2.96398208e+01 6.03883323e-13 2.10189995e-11 2.04151162e-11
3.00150084e+01 5.63680019e-13 2.69819756e-11 2.64182956e-11
3.03901960e+01 5.92409997e-13 2.84976123e-11 2.79052023e-11
3.07653837e+01 6.21102202e-13 2.78554907e-11 2.72343885e-11
3.11405713e+01 5.26070348e-13 2.95773037e-11 2.90512334e-11
3.15157589e+01 5.17413386e-13 2.84036308e-11 2.78862174e-11
3.18909465e+01 5.20188669e-13 2.48576556e-11 2.43374669e-11
3.22661341e+01 5.13026501e-13 2.05205235e-11 2.00074970e-11
3.26413217e+01 4.62498839e-13 2.46803168e-11 2.42178180e-11
3.30165093e+01 4.37982147e-13 3.51988620e-11 3.47608799e-11
3.33916969e+01 4.92733187e-13 2.81659895e-11 2.76732563e-11
3.37668845e+01 5.51605753e-13 2.18544626e-11 2.13028568e-11
3.41420721e+01 5.26060086e-13 2.27648163e-11 2.22387562e-11
3.45172597e+01 4.54072678e-13 2.62378985e-11 2.57838258e-11
3.48924473e+01 4.39295499e-13 2.26130775e-11 2.21737820e-11
3.52676349e+01 4.30982215e-13 2.40048842e-11 2.35739020e-11
3.56428225e+01 5.04865276e-13 2.77425562e-11 2.72376909e-11
3.60180101e+01 4.77054148e-13 2.78754597e-11 2.73984055e-11
3.63931977e+01 5.25331302e-13 2.66816467e-11 2.61563154e-11
3.67683853e+01 6.62774300e-13 2.54737400e-11 2.48109657e-11
3.71435729e+01 5.64321933e-13 2.53642750e-11 2.47999530e-11
3.75187606e+01 4.45752573e-13 2.29386415e-11 2.24928889e-11
3.78939482e+01 4.81303125e-13 2.13782905e-11 2.08969874e-11
3.82691358e+01 4.36830203e-13 2.24312252e-11 2.19943950e-11
3.86443234e+01 4.41620880e-13 2.61933784e-11 2.57517575e-11
3.90195110e+01 4.74072845e-13 3.05129077e-11 3.00388349e-11
3.93946986e+01 5.49636029e-13 2.99494407e-11 2.93998046e-11
3.97698862e+01 4.86143673e-13 2.36887161e-11 2.32025725e-11
4.01450738e+01 4.37198032e-13 2.20234241e-11 2.15862261e-11
4.05202614e+01 4.15595798e-13 2.50471528e-11 2.46315570e-11
4.08954490e+01 4.18359604e-13 2.40663037e-11 2.36479441e-11
4.12706366e+01 5.07812171e-13 2.65005961e-11 2.59927840e-11
4.16458242e+01 4.58611734e-13 3.19736424e-11 3.15150306e-11
4.20210118e+01 5.20236018e-13 2.67663595e-11 2.62461235e-11
4.23961994e+01 4.75838655e-13 2.45536141e-11 2.40777755e-11
4.27713870e+01 4.87226835e-13 2.40331761e-11 2.35459493e-11
4.31465746e+01 5.02256903e-13 3.11747795e-11 3.06725226e-11
4.35217622e+01 5.38415982e-13 2.98379430e-11 2.92995271e-11
4.38969498e+01 4.81853248e-13 2.70262100e-11 2.65443567e-11
4.42721375e+01 4.02747861e-13 2.88411028e-11 2.84383549e-11
4.46473251e+01 3.97881094e-13 2.84364135e-11 2.80385324e-11
4.50225127e+01 4.36047787e-13 2.26384093e-11 2.22023615e-11
4.53977003e+01 4.65659703e-13 2.67636752e-11 2.62980155e-11
4.57728879e+01 5.29888615e-13 2.56524791e-11 2.51225905e-11
4.61480755e+01 5.05307403e-13 2.79257947e-11 2.74204873e-11
4.65232631e+01 6.20978010e-13 3.10699088e-11 3.04489308e-11
4.68984507e+01 5.87661527e-13 3.10202431e-11 3.04325815e-11
4.72736383e+01 4.79532173e-13 2.52625121e-11 2.47829800e-11
4.76488259e+01 5.05200501e-13 1.98332537e-11 1.93280532e-11
4.80240135e+01 5.93336619e-13 2.42614600e-11 2.36681234e-11
4.83992011e+01 4.90893714e-13 3.08055868e-11 3.03146931e-11
4.87743887e+01 5.15865523e-13 2.65285308e-11 2.60126653e-11
4.91495763e+01 5.93329628e-13 2.33381820e-11 2.27448523e-11
4.95247639e+01 6.24346109e-13 2.75298794e-11 2.69055333e-11
4.98999515e+01 5.89871001e-13 2.76114369e-11 2.70215659e-11
5.02751391e+01 5.10541477e-13 2.17696330e-11 2.12590915e-11
5.06503267e+01 4.77072723e-13 2.14590386e-11 2.09819659e-11
5.10255144e+01 4.57603114e-13 2.26849086e-11 2.22273054e-11
5.14007020e+01 4.99172380e-13 2.31164426e-11 2.26172702e-11
5.17758896e+01 4.83189018e-13 2.26769065e-11 2.21937175e-11
5.21510772e+01 5.93334861e-13 2.53475716e-11 2.47542368e-11
5.25262648e+01 6.41046782e-13 2.44360553e-11 2.37950085e-11
5.29014524e+01 6.96436990e-13 2.31158387e-11 2.24194017e-11
5.32766400e+01 6.49436158e-13 3.09180968e-11 3.02686606e-11
5.36518276e+01 5.20491153e-13 2.67655263e-11 2.62450351e-11
5.40270152e+01 5.40937975e-13 2.23016119e-11 2.17606739e-11
5.44022028e+01 5.31305343e-13 2.40162194e-11 2.34849141e-11
5.47773904e+01 5.64654644e-13 2.28534687e-11 2.22888141e-11
5.51525780e+01 5.41104838e-13 1.91859452e-11 1.86448404e-11
5.55277656e+01 4.93900950e-13 2.13992864e-11 2.09053855e-11
5.59029532e+01 5.02515740e-13 2.94062360e-11 2.89037203e-11
5.62781408e+01 4.31393800e-13 2.81953660e-11 2.77639722e-11
5.66533284e+01 4.12157244e-13 2.39548168e-11 2.35426596e-11
5.70285160e+01 5.65677945e-13 2.99698861e-11 2.94042082e-11
5.74037036e+01 4.71236398e-13 2.89273609e-11 2.84561245e-11
5.77788913e+01 4.94935642e-13 3.02184749e-11 2.97235392e-11
5.81540789e+01 5.29409318e-13 3.28559191e-11 3.23265098e-11
5.85292665e+01 5.03946961e-13 2.64401332e-11 2.59361862e-11
5.89044541e+01 4.94291193e-13 1.75428971e-11 1.70486059e-11
5.92796417e+01 4.52194854e-13 2.34163866e-11 2.29641918e-11
5.96548293e+01 5.03808228e-13 2.76856069e-11 2.71817986e-11
6.00300169e+01 4.61968651e-13 2.45915696e-11 2.41296009e-11
6.04052045e+01 5.41164863e-13 1.80219460e-11 1.74807812e-11
6.07803921e+01 5.30243942e-13 1.78991511e-11 1.73689072e-11
6.11555797e+01 4.35117816e-13 1.91443646e-11 1.87092468e-11
6.15307673e+01 4.87854759e-13 2.48830064e-11 2.43951517e-11
6.19059549e+01 5.38791297e-13 2.92610049e-11 2.87222136e-11
6.22811425e+01 5.00372209e-13 3.11787629e-11 3.06783907e-11
6.26563301e+01 5.44408336e-13 3.07806437e-11 3.02362354e-11
6.30315177e+01 5.89113985e-13 2.83347088e-11 2.77455949e-11
6.34067053e+01 5.35560253e-13 2.76516254e-11 2.71160652e-11
6.37818929e+01 4.42992141e-13 2.57725283e-11 2.53295361e-11
6.41570805e+01 4.65171237e-13 2.40679369e-11 2.36027656e-11
6.45322682e+01 5.08717296e-13 3.04761696e-11 2.99674523e-11
6.49074558e+01 4.82181534e-13 2.99616257e-11 2.94794441e-11
6.52826434e+01 5.86536167e-13 2.72589980e-11 2.66724618e-11
6.56578310e+01 6.48001839e-13 3.03674604e-11 2.97194586e-11
6.60330186e+01 4.64167064e-13 2.81673260e-11 2.77031589e-11
6.64082062e+01 4.03046825e-13 2.67864427e-11 2.63833959e-11
6.67833938e+01 4.00643263e-13 2.72251806e-11 2.68245374e-11
6.71585814e+01 4.58576737e-13 2.40042467e-11 2.35456700e-11
6.75337690e+01 4.57413590e-13 2.23163661e-11 2.18589526e-11
6.79089566e+01 4.45646652e-13 2.60236757e-11 2.55780290e-11
6.82841442e+01 5.40287734e-13 3.05295199e-11 2.99892322e-11
6.86593318e+01 6.84745186e-13 3.43103943e-11 3.36256491e-11
6.90345194e+01 6.19568926e-13 3.35282913e-11 3.29087223e-11
6.94097070e+01 4.96022283e-13 2.90952905e-11 2.85992682e-11
6.97848946e+01 5.44663675e-13 2.08966609e-11 2.03519972e-11
7.01600822e+01 4.79107790e-13 1.90083627e-11 1.85292549e-11
7.05352698e+01 4.39949915e-13 2.59514354e-11 2.55114855e-11
7.09104574e+01 4.01261153e-13 3.26888022e-11 3.22875411e-11
7.12856451e+01 5.93466004e-13 3.44954981e-11 3.39020321e-11
7.16608327e+01 3.25743812e-12 2.41321206e-11 2.08746825e-11
7.20360203e+01 2.73272590e-12 2.50287495e-11 2.22960236e-11
7.24112079e+01 5.75932685e-13 3.13846499e-11 3.08087172e-11
7.27863955e+01 4.96498926e-13 3.18989172e-11 3.14024182e-11
7.31615831e+01 5.33683638e-13 2.78205988e-11 2.72869152e-11
7.35367707e+01 4.86602898e-13 2.32841884e-11 2.27975855e-11
7.39119583e+01 5.07048396e-13 2.55634242e-11 2.50563758e-11
7.42871459e+01 5.25793517e-13 2.46826219e-11 2.41568284e-11
7.46623335e+01 5.46761835e-13 2.80524559e-11 2.75056940e-11
7.50375211e+01 5.17274972e-13 2.82679885e-11 2.77507135e-11
7.54127087e+01 5.04357969e-13 2.54954344e-11 2.49910764e-11
7.57878963e+01 4.68932810e-13 2.81022864e-11 2.76333536e-11
7.61630839e+01 5.41999323e-13 3.23502561e-11 3.18082568e-11
7.65382715e+01 5.55370634e-13 2.73813645e-11 2.68259938e-11
7.69134591e+01 5.76985901e-13 2.59701323e-11 2.53931464e-11
7.72886467e+01 4.66875339e-13 2.61870450e-11 2.57201696e-11
7.76638343e+01 4.43086498e-13 2.27115904e-11 2.22685039e-11
7.80390219e+01 4.11793766e-13 1.47951788e-11 1.43833850e-11
7.84142096e+01 4.69749386e-13 1.84477921e-11 1.79780427e-11
7.87893972e+01 4.86567451e-13 2.33565235e-11 2.28699561e-11
7.91645848e+01 4.17910387e-13 2.30467420e-11 2.26288316e-11
7.95397724e+01 4.48997492e-13 2.35383009e-11 2.30893034e-11
7.99149600e+01 4.45398694e-13 2.80644759e-11 2.76190772e-11
8.02901476e+01 5.53615155e-13 2.79802947e-11 2.74266796e-11
8.06653352e+01 5.74022998e-13 2.44516734e-11 2.38776504e-11
8.10405228e+01 5.96831757e-13 2.79489256e-11 2.73520938e-11
8.14157104e+01 6.69206030e-13 2.28218915e-11 2.21526855e-11
8.17908980e+01 6.28883225e-13 2.47124078e-11 2.40835246e-11
8.21660856e+01 5.49036203e-13 2.12326798e-11 2.06836436e-11
8.25412732e+01 4.35649250e-13 1.90671790e-11 1.86315298e-11
8.29164608e+01 6.32028588e-13 2.85486132e-11 2.79165846e-11
8.32916484e+01 6.62359238e-13 3.13358443e-11 3.06734850e-11
8.36668360e+01 6.00066082e-13 2.36598290e-11 2.30597629e-11
8.40420236e+01 5.00570541e-13 1.79292996e-11 1.74287291e-11
8.44172112e+01 5.90224957e-13 2.35465658e-11 2.29563408e-11
8.47923988e+01 5.09797465e-13 2.63483891e-11 2.58385917e-11
8.51675865e+01 4.76889139e-13 2.61464360e-11 2.56695468e-11
8.55427741e+01 6.25487548e-13 2.61248350e-11 2.54993474e-11
8.59179617e+01 5.63781499e-13 2.71340752e-11 2.65702937e-11
8.62931493e+01 4.30228130e-13 2.44077264e-11 2.39774983e-11
8.66683369e+01 4.17129518e-13 2.33484494e-11 2.29313199e-11
8.70435245e+01 3.55648297e-13 2.38398938e-11 2.34842455e-11
8.74187121e+01 4.85347709e-13 2.36491358e-11 2.31637881e-11
8.77938997e+01 5.51685800e-13 2.64061245e-11 2.58544387e-11
8.81690873e+01 6.10300783e-13 2.52922099e-11 2.46819091e-11
8.85442749e+01 6.16692750e-13 2.71870720e-11 2.65703792e-11
8.89194625e+01 6.37679549e-13 2.61422157e-11 2.55045361e-11
8.92946501e+01 5.64511538e-13 2.25167965e-11 2.19522849e-11
8.96698377e+01 6.02538284e-13 4.33803993e-11 4.27778610e-11
9.00450253e+01 5.24166591e-13 7.34400212e-11 7.29158546e-11
9.04202129e+01 4.50248272e-13 3.57113603e-11 3.52611120e-11
9.07954005e+01 4.85390905e-13 1.84933836e-11 1.80079927e-11
9.11705881e+01 4.92344283e-13 1.89562290e-11 1.84638847e-11
9.15457757e+01 4.33028023e-13 2.23915378e-11 2.19585098e-11
9.19209634e+01 3.76441720e-13 2.22770153e-11 2.19005735e-11
9.22961510e+01 3.46205821e-13 2.12787926e-11 2.09325868e-11
9.26713386e+01 4.22645414e-13 2.35681561e-11 2.31455107e-11
9.30465262e+01 4.77316345e-13 2.49159593e-11 2.44386430e-11
9.34217138e+01 5.11762918e-13 2.82233561e-11 2.77115932e-11
9.37969014e+01 4.91517551e-13 2.76281374e-11 2.71366199e-11
9.41720890e+01 5.84971724e-13 2.62402129e-11 2.56552412e-11
9.45472766e+01 5.65813528e-13 2.66172467e-11 2.60514332e-11
9.49224642e+01 5.27890307e-13 2.16518999e-11 2.11240096e-11
9.52976518e+01 5.38716625e-13 2.50709321e-11 2.45322155e-11
9.56728394e+01 6.84157758e-13 2.31199364e-11 2.24357786e-11
9.60480270e+01 5.72398002e-13 2.14313247e-11 2.08589267e-11
9.64232146e+01 4.15474696e-13 2.49689548e-11 2.45534801e-11
9.67984022e+01 4.60149599e-13 2.58477464e-11 2.53875968e-11
9.71735898e+01 4.72586455e-13 2.40100579e-11 2.35374714e-11
9.75487774e+01 4.34929076e-13 2.34571892e-11 2.30222602e-11
9.79239650e+01 4.65904882e-13 2.65447086e-11 2.60788037e-11
9.82991526e+01 5.16487658e-13 2.43671164e-11 2.38506287e-11
9.86743403e+01 4.87749127e-13 1.83006161e-11 1.78128670e-11
9.90495279e+01 4.42225357e-13 1.63485920e-11 1.59063666e-11
9.94247155e+01 4.43452228e-13 2.05415390e-11 2.00980868e-11
9.97999031e+01 4.98467831e-13 2.69185282e-11 2.64200604e-11
1.00175091e+02 6.05201563e-13 2.53547287e-11 2.47495272e-11
1.00550278e+02 6.32121738e-13 2.34013578e-11 2.27692361e-11
1.00925466e+02 4.67733558e-13 2.35053371e-11 2.30376036e-11
1.01300653e+02 4.96250538e-13 2.89909697e-11 2.84947191e-11
1.01675841e+02 4.20453957e-13 2.87378977e-11 2.83174438e-11
1.02051029e+02 4.42439821e-13 2.70167162e-11 2.65742764e-11
1.02426216e+02 4.67929034e-13 2.82964877e-11 2.78285586e-11
1.02801404e+02 5.18152404e-13 3.19026985e-11 3.13845461e-11
1.03176592e+02 4.88767928e-13 2.31615021e-11 2.26727342e-11
1.03551779e+02 4.69813468e-13 2.63690794e-11 2.58992659e-11
1.03926967e+02 4.42634729e-13 2.31782859e-11 2.27356511e-11
1.04302154e+02 5.21969384e-13 2.27308663e-11 2.22088970e-11
1.04677342e+02 5.51867972e-13 2.31798314e-11 2.26279635e-11
1.05052530e+02 5.26180868e-13 2.34865626e-11 2.29603818e-11
1.05427717e+02 6.12199319e-13 2.45674555e-11 2.39552562e-11
1.05802905e+02 6.49026215e-13 2.41067336e-11 2.34577073e-11
1.06178092e+02 5.47807868e-13 2.55269261e-11 2.49791182e-11
1.06553280e+02 5.26282513e-13 2.49366852e-11 2.44104027e-11
1.06928468e+02 4.71545192e-13 2.70219568e-11 2.65504116e-11
1.07303655e+02 5.56983159e-13 2.72651626e-11 2.67081794e-11
1.07678843e+02 4.77037327e-13 2.60913184e-11 2.56142811e-11
1.08054030e+02 4.14557679e-13 2.21995151e-11 2.17849575e-11
1.08429218e+02 4.95499922e-13 2.38221253e-11 2.33266253e-11
1.08804406e+02 4.96295096e-13 2.51512922e-11 2.46549971e-11
1.09179593e+02 5.39348173e-13 2.20192144e-11 2.14798662e-11
1.09554781e+02 5.51073203e-13 2.86761691e-11 2.81250959e-11
1.09929968e+02 5.78791424e-13 2.81685089e-11 2.75897175e-11
1.10305156e+02 5.20674150e-13 2.16284222e-11 2.11077481e-11
1.10680344e+02 5.87336351e-13 1.92488957e-11 1.86615593e-11
1.11055531e+02 5.13426750e-13 2.08809958e-11 2.03675690e-11
1.11430719e+02 4.18491031e-13 2.48023510e-11 2.43838600e-11
1.11805906e+02 4.96613876e-13 2.69885851e-11 2.64919712e-11
1.12181094e+02 5.93194879e-13 2.54139087e-11 2.48207138e-11
1.12556282e+02 4.85318759e-13 1.77992659e-11 1.73139471e-11
1.12931469e+02 3.89397423e-13 1.97849476e-11 1.93955502e-11
1.13306657e+02 4.35550975e-13 2.70103270e-11 2.65747761e-11
1.13681844e+02 4.89887430e-13 2.57919792e-11 2.53020918e-11
1.14057032e+02 5.23731594e-13 2.88449048e-11 2.83211732e-11
1.14432220e+02 4.99569921e-13 2.75156818e-11 2.70161119e-11
1.14807407e+02 4.04534258e-13 2.65201315e-11 2.61155972e-11
1.15182595e+02 3.77112423e-13 2.68860641e-11 2.65089517e-11
1.15557783e+02 5.01046191e-13 2.14133037e-11 2.09122576e-11
1.15932970e+02 5.50731195e-13 2.43410982e-11 2.37903670e-11
1.16308158e+02 4.66177018e-13 2.33726012e-11 2.29064242e-11
1.16683345e+02 4.90498145e-13 2.52557171e-11 2.47652190e-11
1.17058533e+02 6.11224651e-13 2.08562627e-11 2.02450380e-11
1.17433721e+02 5.66924346e-13 2.05178848e-11 1.99509605e-11
1.17808908e+02 5.66510615e-13 2.98075003e-11 2.92409897e-11
1.18184096e+02 6.98199303e-13 2.77230272e-11 2.70248279e-11
1.18559283e+02 6.65142405e-13 2.88960686e-11 2.82309261e-11
1.18934471e+02 6.35966494e-13 2.85077255e-11 2.78717590e-11
1.19309659e+02 5.10784800e-13 2.17884414e-11 2.12776566e-11
1.19684846e+02 5.54417270e-13 2.47306945e-11 2.41762773e-11
1.20060034e+02 7.07630185e-13 2.53890810e-11 2.46814508e-11
1.20435221e+02 6.39304645e-13 2.74495196e-11 2.68102149e-11
1.20810409e+02 6.75933075e-13 2.69055588e-11 2.62296258e-11
1.21185597e+02 5.64787247e-13 3.05529782e-11 2.99881910e-11
1.21560784e+02 6.38521501e-13 2.46926745e-11 2.40541530e-11
1.21935972e+02 5.72532944e-13 2.01692128e-11 1.95966798e-11
1.22311159e+02 6.24850886e-13 2.30119511e-11 2.23871003e-11
1.22686347e+02 5.78278917e-13 2.17245852e-11 2.11463062e-11
1.23061535e+02 5.93978280e-13 2.51593252e-11 2.45653469e-11
1.23436722e+02 5.66585376e-13 2.26032862e-11 2.20367008e-11
1.23811910e+02 4.85449502e-13 2.38263585e-11 2.33409090e-11
1.24187097e+02 4.21572546e-13 2.09270686e-11 2.05054960e-11
1.24562285e+02 4.45926691e-13 2.04897802e-11 2.00438535e-11
1.24937473e+02 4.43607718e-13 2.41897182e-11 2.37461105e-11
1.25312660e+02 4.06609304e-13 2.43125235e-11 2.39059142e-11
1.25687848e+02 5.03486941e-13 2.47463984e-11 2.42429115e-11
1.26063035e+02 5.81791473e-13 2.69305227e-11 2.63487312e-11
1.26438223e+02 5.55354351e-13 2.31536594e-11 2.25983050e-11
1.26813411e+02 4.19839351e-13 2.63459324e-11 2.59260931e-11
1.27188598e+02 4.64607509e-13 2.22513565e-11 2.17867490e-11
1.27563786e+02 4.83908828e-13 2.45989067e-11 2.41149978e-11
1.27938973e+02 4.11936103e-13 2.79052872e-11 2.74933511e-11
1.28314161e+02 4.70044460e-13 2.47691665e-11 2.42991220e-11
1.28689349e+02 5.33372500e-13 2.40196037e-11 2.34862312e-11
1.29064536e+02 5.20438849e-13 2.48682173e-11 2.43477784e-11
1.29439724e+02 5.71995896e-13 2.69591973e-11 2.63872014e-11
1.29814912e+02 5.66718180e-13 2.73630405e-11 2.67963223e-11
1.30190099e+02 4.82303259e-13 2.61722614e-11 2.56899582e-11
1.30565287e+02 5.65207984e-13 2.67498804e-11 2.61846724e-11
1.30940474e+02 5.05168517e-13 2.44972557e-11 2.39920872e-11
1.31315662e+02 5.93352861e-13 2.37339732e-11 2.31406204e-11
1.31690850e+02 6.49086023e-13 2.39610369e-11 2.33119509e-11
1.32066037e+02 5.77501111e-13 2.53680913e-11 2.47905902e-11
1.32441225e+02 5.36846611e-13 2.32891649e-11 2.27523183e-11
1.32816412e+02 4.85822815e-13 2.24441373e-11 2.19583145e-11
1.33191600e+02 5.45511339e-13 2.40636671e-11 2.35181558e-11
1.33566788e+02 6.00298128e-13 2.45910300e-11 2.39907318e-11
1.33941975e+02 5.59991867e-13 1.97998489e-11 1.92398571e-11
1.34317163e+02 5.82654810e-13 2.88792526e-11 2.82965978e-11
1.34692350e+02 5.15234800e-13 3.13682467e-11 3.08530119e-11
1.35067538e+02 4.18656187e-13 3.21026108e-11 3.16839546e-11
1.35442726e+02 4.04681864e-13 2.79826188e-11 2.75779369e-11
1.35817913e+02 4.81294110e-13 2.49964858e-11 2.45151917e-11
1.36193101e+02 4.79341677e-13 2.43113664e-11 2.38320247e-11
1.36568288e+02 4.89540574e-13 1.98686083e-11 1.93790677e-11
1.36943476e+02 5.87427711e-13 2.05953450e-11 2.00079173e-11
1.37318664e+02 6.78871168e-13 2.87521725e-11 2.80733013e-11
1.37693851e+02 5.95199517e-13 2.73123870e-11 2.67171875e-11
1.38069039e+02 4.65238937e-13 1.82694503e-11 1.78042114e-11
1.38444226e+02 4.57781789e-13 2.49316462e-11 2.44738644e-11
1.38819414e+02 4.75497629e-13 2.52549874e-11 2.47794898e-11
1.39194602e+02 4.65078600e-13 2.59592388e-11 2.54941602e-11
1.39569789e+02 5.67980975e-13 2.32380326e-11 2.26700516e-11
1.39944977e+02 5.82598586e-13 2.57148655e-11 2.51322669e-11
1.40320164e+02 5.21583724e-13 2.09164022e-11 2.03948185e-11
1.40695352e+02 5.18625729e-13 2.12848946e-11 2.07662688e-11
1.41070540e+02 6.62506135e-13 2.47734786e-11 2.41109725e-11
1.41445727e+02 6.82790703e-13 2.73877891e-11 2.67049984e-11
1.41820915e+02 6.76347312e-13 2.76284337e-11 2.69520864e-11
1.42196102e+02 5.47854932e-13 2.83753199e-11 2.78274650e-11
1.42571290e+02 5.65919621e-13 2.61917312e-11 2.56258116e-11
1.42946478e+02 6.12643302e-13 2.28280978e-11 2.22154545e-11
1.43321665e+02 1.18421208e-12 2.60590558e-11 2.48748437e-11
1.43696853e+02 1.92302865e-12 2.78372589e-11 2.59142303e-11
1.44072041e+02 1.07577108e-12 2.40544903e-11 2.29787193e-11
1.44447228e+02 6.13796722e-13 1.99540918e-11 1.93402951e-11
1.44822416e+02 5.07745963e-13 2.57906962e-11 2.52829502e-11
1.45197603e+02 4.44565632e-13 2.43666074e-11 2.39220418e-11
1.45572791e+02 4.80329903e-13 1.81943521e-11 1.77140222e-11
1.45947979e+02 4.46703239e-13 2.33392063e-11 2.28925030e-11
1.46323166e+02 4.73533890e-13 3.29360509e-11 3.24625170e-11
1.46698354e+02 4.85530617e-13 2.60321584e-11 2.55466278e-11
1.47073541e+02 4.44340604e-13 2.19501107e-11 2.15057700e-11
1.47448729e+02 4.55776303e-13 2.69156233e-11 2.64598470e-11
1.47823917e+02 4.37518821e-13 3.20529906e-11 3.16154718e-11
1.48199104e+02 5.38849689e-13 2.54174942e-11 2.48786445e-11
1.48574292e+02 5.96756613e-13 2.38505472e-11 2.32537906e-11
1.48949479e+02 5.65125248e-13 2.46722048e-11 2.41070795e-11
1.49324667e+02 4.83237551e-13 2.21517274e-11 2.16684898e-11
1.49699855e+02 4.10182896e-13 2.17901678e-11 2.13799849e-11
1.50075042e+02 6.12112544e-13 2.47764855e-11 2.41643729e-11
1.50450230e+02 5.94833281e-13 2.40110501e-11 2.34162168e-11
1.50825417e+02 4.51217567e-13 2.35971914e-11 2.31459738e-11
1.51200605e+02 4.67767265e-13 2.03032465e-11 1.98354792e-11
1.51575793e+02 4.20319882e-13 2.35221252e-11 2.31018054e-11
1.51950980e+02 4.28784961e-13 2.39781723e-11 2.35493873e-11
1.52326168e+02 5.22783215e-13 2.66533496e-11 2.61305663e-11
1.52701355e+02 5.54416116e-13 2.90518237e-11 2.84974076e-11
1.53076543e+02 5.41357168e-13 2.55071065e-11 2.49657494e-11
1.53451731e+02 5.43326540e-13 1.87917536e-11 1.82484270e-11
1.53826918e+02 5.30865986e-13 2.11974671e-11 2.06666011e-11
1.54202106e+02 5.17460142e-13 2.26519784e-11 2.21345183e-11
1.54577293e+02 6.41692248e-13 2.37558798e-11 2.31141875e-11
1.54952481e+02 6.44143751e-13 2.68808625e-11 2.62367187e-11
1.55327669e+02 4.95066029e-13 2.16374517e-11 2.11423857e-11
1.55702856e+02 5.16213763e-13 2.44029893e-11 2.38867756e-11
1.56078044e+02 5.18707140e-13 2.80724753e-11 2.75537682e-11
1.56453232e+02 4.92294233e-13 3.23463425e-11 3.18540483e-11
1.56828419e+02 4.83806149e-13 2.47480071e-11 2.42642009e-11
1.57203607e+02 5.25836714e-13 2.38113233e-11 2.32854866e-11
1.57578794e+02 5.43916265e-13 3.03033253e-11 2.97594090e-11
1.57953982e+02 5.42145355e-13 2.75776323e-11 2.70354870e-11
1.58329170e+02 5.33082833e-13 2.09946225e-11 2.04615396e-11
1.58704357e+02 5.65666891e-13 2.03971525e-11 1.98314856e-11
1.59079545e+02 6.07386823e-13 2.36394923e-11 2.30321054e-11
1.59454732e+02 5.92135696e-13 2.19866896e-11 2.13945539e-11
1.59829920e+02 6.52301296e-13 2.45166860e-11 2.38643847e-11
1.60205108e+02 4.93721763e-13 2.41108873e-11 2.36171655e-11
1.60580295e+02 4.07843668e-13 2.32644848e-11 2.28566411e-11
1.60955483e+02 4.18655355e-13 2.27218689e-11 2.23032135e-11
1.61330670e+02 5.51023102e-13 1.95905455e-11 1.90395224e-11
1.61705858e+02 5.78664884e-13 2.44702911e-11 2.38916262e-11
1.62081046e+02 4.24284327e-13 2.29137799e-11 2.24894956e-11
1.62456233e+02 4.64455074e-13 2.39555533e-11 2.34910982e-11
1.62831421e+02 4.95094048e-13 2.84979543e-11 2.80028602e-11
1.63206608e+02 4.67780257e-13 2.72858080e-11 2.68180277e-11
1.63581796e+02 5.19032314e-13 3.13795316e-11 3.08604993e-11
1.63956984e+02 5.57500660e-13 3.41487310e-11 3.35912304e-11
1.64332171e+02 6.39299418e-13 3.55481178e-11 3.49088184e-11
1.64707359e+02 6.11681764e-13 2.66484232e-11 2.60367414e-11
1.65082546e+02 5.35196512e-13 2.39492743e-11 2.34140778e-11
1.65457734e+02 5.72821333e-13 2.73443947e-11 2.67715734e-11
1.65832922e+02 5.53679041e-13 2.92572836e-11 2.87036046e-11
1.66208109e+02 4.09205795e-13 3.00140355e-11 2.96048297e-11
1.66583297e+02 4.71829446e-13 2.41790808e-11 2.37072514e-11
1.66958484e+02 5.09733626e-13 2.47434659e-11 2.42337322e-11
1.67333672e+02 6.12812040e-13 2.56516026e-11 2.50387906e-11
1.67708860e+02 5.52572475e-13 1.91331644e-11 1.85805919e-11
1.68084047e+02 6.62414507e-13 2.33617331e-11 2.26993186e-11
1.68459235e+02 9.46856005e-13 2.71562792e-11 2.62094232e-11
1.68834422e+02 8.57616949e-13 2.74920612e-11 2.66344443e-11
1.69209610e+02 5.78827601e-13 2.45572139e-11 2.39783863e-11
1.69584798e+02 4.76016506e-13 2.12719463e-11 2.07959298e-11
1.69959985e+02 4.32549034e-13 1.96018573e-11 1.91693083e-11
1.70335173e+02 3.90330617e-13 2.15135254e-11 2.11231948e-11
1.70710361e+02 4.59111229e-13 2.34009395e-11 2.29418283e-11
1.71085548e+02 5.67993349e-13 2.18207308e-11 2.12527374e-11
1.71460736e+02 5.42096368e-13 2.54645039e-11 2.49224075e-11
1.71835923e+02 4.40889690e-13 2.29818341e-11 2.25409444e-11
1.72211111e+02 4.18322009e-13 2.15645631e-11 2.11462411e-11
1.72586299e+02 5.40269675e-13 2.38631716e-11 2.33229019e-11
1.72961486e+02 5.73046578e-13 2.12633655e-11 2.06903189e-11
1.73336674e+02 6.50829642e-13 2.58746256e-11 2.52237960e-11
1.73711861e+02 5.39170566e-13 2.63182888e-11 2.57791182e-11
1.74087049e+02 5.07793542e-13 2.62281952e-11 2.57204017e-11
1.74462237e+02 5.56419456e-13 2.28079695e-11 2.22515501e-11
1.74837424e+02 5.22943735e-13 2.19449293e-11 2.14219856e-11
1.75212612e+02 5.77438319e-13 2.60075724e-11 2.54301341e-11
1.75587799e+02 5.01254708e-13 2.72139434e-11 2.67126887e-11
1.75962987e+02 5.29649965e-13 2.38972193e-11 2.33675693e-11
1.76338175e+02 5.12177648e-13 2.64808792e-11 2.59687016e-11
1.76713362e+02 5.09545777e-13 2.22836984e-11 2.17741527e-11
1.77088550e+02 5.46463367e-13 2.40077567e-11 2.34612933e-11
1.77463737e+02 5.54154150e-13 2.68417226e-11 2.62875684e-11
1.77838925e+02 5.02038259e-13 2.55000337e-11 2.49979954e-11
1.78214113e+02 6.16641606e-13 2.39240659e-11 2.33074243e-11
1.78589300e+02 6.14823920e-13 2.43147518e-11 2.36999279e-11
1.78964488e+02 5.04258516e-13 2.42416386e-11 2.37373801e-11
1.79339675e+02 6.03039420e-13 2.42258363e-11 2.36227968e-11
1.79714863e+02 5.37705892e-13 2.44860289e-11 2.39483230e-11
1.80090051e+02 5.32106827e-13 2.16655617e-11 2.11334549e-11
1.80465238e+02 4.57038908e-13 2.11019151e-11 2.06448762e-11
1.80840426e+02 4.34613390e-13 2.48862118e-11 2.44515984e-11
1.81215613e+02 6.10406767e-13 2.58351560e-11 2.52247492e-11
1.81590801e+02 5.64277372e-13 2.23215377e-11 2.17572603e-11
1.81965989e+02 5.00011318e-13 2.17561339e-11 2.12561225e-11
1.82341176e+02 4.10415316e-13 2.58484719e-11 2.54380565e-11
1.82716364e+02 4.59302555e-13 2.52695840e-11 2.48102815e-11
1.83091551e+02 5.32933096e-13 2.66597632e-11 2.61268301e-11
1.83466739e+02 4.95869526e-13 2.02628167e-11 1.97669471e-11
1.83841927e+02 5.02954265e-13 1.91722972e-11 1.86693429e-11
1.84217114e+02 4.57780542e-13 2.09703341e-11 2.05125536e-11
1.84592302e+02 5.09345541e-13 2.22568718e-11 2.17475263e-11
1.84967490e+02 5.98521411e-13 2.30685525e-11 2.24700311e-11
1.85342677e+02 5.20757023e-13 2.56224452e-11 2.51016882e-11
1.85717865e+02 4.64507346e-13 2.55774307e-11 2.51129234e-11
1.86093052e+02 5.45201392e-13 2.06301898e-11 2.00849884e-11
1.86468240e+02 5.71791844e-13 2.38435514e-11 2.32717595e-11
1.86843428e+02 6.48193505e-13 2.74091990e-11 2.67610055e-11
1.87218615e+02 5.83634621e-13 2.81353459e-11 2.75517113e-11
1.87593803e+02 4.90109050e-13 3.39008769e-11 3.34107679e-11
1.87968990e+02 3.80037912e-13 2.61754050e-11 2.57953671e-11
1.88344178e+02 3.84580357e-13 2.34327554e-11 2.30481750e-11
1.88719366e+02 4.78036070e-13 2.68798636e-11 2.64018275e-11
1.89094553e+02 4.34914508e-13 2.31608003e-11 2.27258858e-11
1.89469741e+02 3.77297612e-13 2.43240574e-11 2.39467598e-11
1.89844928e+02 4.40643949e-13 2.90097622e-11 2.85691183e-11
1.90220116e+02 4.93413793e-13 2.86180542e-11 2.81246404e-11
1.90595304e+02 4.52229142e-13 2.78370902e-11 2.73848611e-11
1.90970491e+02 3.96231519e-13 2.80255397e-11 2.76293082e-11
1.91345679e+02 4.54283321e-13 2.42382024e-11 2.37839191e-11
1.91720866e+02 4.92642440e-13 2.35193640e-11 2.30267216e-11
1.92096054e+02 2.09850682e-13 1.14581530e-11 1.12483023e-11
